[gd_scene load_steps=8 format=3 uid="uid://bmb70v877p885"]

[ext_resource type="PackedScene" uid="uid://c3bc7rx6xq2kl" path="res://block.tscn" id="1_44vab"]
[ext_resource type="PackedScene" uid="uid://dgsim8atch2iy" path="res://bartholomew.tscn" id="2_4wbqv"]
[ext_resource type="Texture2D" uid="uid://bfiatcrlqu24h" path="res://icon.svg" id="3_pfx0n"]
[ext_resource type="Script" path="res://Icon.gd" id="4_s37wd"]
[ext_resource type="PackedScene" uid="uid://d1vjgh4054jca" path="res://coin.tscn" id="5_04bna"]

[sub_resource type="BoxMesh" id="BoxMesh_116lb"]
size = Vector3(10, 0.5, 10)

[sub_resource type="BoxShape3D" id="BoxShape3D_ggsh3"]
size = Vector3(10, 0.5, 10)

[node name="Level1" type="Node3D"]

[node name="Camera3D" type="Camera3D" parent="."]
transform = Transform3D(1, 0, 0, 0, 0.970586, 0.240753, 0, -0.240753, 0.970586, 0, 1.34327, 3.62646)

[node name="Floor" type="StaticBody3D" parent="."]
transform = Transform3D(1, 0, 0, 0, 1, 0, 0, 0, 1, 0, -0.252573, 0)
metadata/_edit_group_ = true

[node name="MeshInstance3D" type="MeshInstance3D" parent="Floor"]
mesh = SubResource("BoxMesh_116lb")

[node name="CollisionShape3D" type="CollisionShape3D" parent="Floor"]
shape = SubResource("BoxShape3D_ggsh3")

[node name="DirectionalLight3D" type="DirectionalLight3D" parent="."]
transform = Transform3D(0.460029, 0.750055, -0.475174, -0.237476, 0.619604, 0.748128, 0.855557, -0.231318, 0.463156, -2.78469, 3.9153, 2.14242)
shadow_enabled = true

[node name="Blocks" type="Node3D" parent="."]

[node name="Block1" parent="Blocks" instance=ExtResource("1_44vab")]
transform = Transform3D(0.819588, -0.563032, -0.106159, 0.279777, 0.554972, -0.783409, 0.5, 0.612372, 0.612372, -1.22706, 3, -0.731802)

[node name="Block2" parent="Blocks" instance=ExtResource("1_44vab")]
transform = Transform3D(-0.536601, -0.742764, 0.400451, -0.715659, 0.65202, 0.250403, -0.447092, -0.15222, -0.881441, 0, 3.68093, -1.34765)

[node name="Block3" parent="Blocks" instance=ExtResource("1_44vab")]
transform = Transform3D(0.280202, -0.82767, -0.486259, -0.75534, 0.122508, -0.643781, 0.592409, 0.54768, -0.590845, 0.526399, 4.68217, -0.819302)

[node name="Bartholomew" parent="." instance=ExtResource("2_4wbqv")]
transform = Transform3D(1, 0, 0, 0, 1, 0, 0, 0, 1, 2.57305, 0.797873, 0)

[node name="Icon" type="Sprite3D" parent="."]
transform = Transform3D(1, 0, 0, 0, 1, 0, 0, 0, 1, 0, 1.04787, 1.18031)
texture = ExtResource("3_pfx0n")
script = ExtResource("4_s37wd")

[node name="Coin1" parent="." instance=ExtResource("5_04bna")]
transform = Transform3D(1, 0, 0, 0, 1, 0, 0, 0, 1, -1.47158, 0.722362, 1.78877)
